Voltage (V)	Current (A)	Resistance (Ohm)	Power (W)	Time(s)
5.013889E-3	2.704224E-10	1.854095E+7	1.355868E-12	0.000000E+0
1.000442E-2	8.900335E-10	1.124050E+7	8.904269E-12	1.055000E-1
2.002407E-2	1.287902E-9	1.554782E+7	2.578904E-11	2.012000E-1
3.000278E-2	2.482016E-9	1.208807E+7	7.446738E-11	2.979000E-1
3.998976E-2	3.511913E-9	1.138689E+7	1.404406E-10	4.024000E-1
5.000603E-2	5.213626E-9	9.591411E+6	2.607127E-10	4.990000E-1
5.998363E-2	7.254835E-9	8.268090E+6	4.351713E-10	5.947000E-1
7.000300E-2	1.021072E-8	6.855834E+6	7.147810E-10	6.983000E-1
7.998603E-2	1.350230E-8	5.923882E+6	1.079995E-9	7.959000E-1
9.000594E-2	1.791894E-8	5.022950E+6	1.612811E-9	8.926000E-1
9.998453E-2	2.257172E-8	4.429637E+6	2.256823E-9	9.961000E-1
1.100019E-1	2.820828E-8	3.899632E+6	3.102964E-9	1.092800E+0
1.199889E-1	3.580123E-8	3.351530E+6	4.295750E-9	1.189500E+0
1.300053E-1	4.494812E-8	2.892341E+6	5.843494E-9	1.293000E+0
1.399907E-1	5.604753E-8	2.497714E+6	7.846133E-9	1.388700E+0
1.500131E-1	6.934479E-8	2.163293E+6	1.040263E-8	1.486300E+0
1.599985E-1	8.624382E-8	1.855188E+6	1.379888E-8	1.589900E+0
1.700158E-1	1.065470E-7	1.595688E+6	1.811467E-8	1.687500E+0
1.800014E-1	1.310433E-7	1.373602E+6	2.358798E-8	1.783200E+0
1.900204E-1	1.609740E-7	1.180442E+6	3.058834E-8	1.887700E+0
2.000013E-1	1.964891E-7	1.017875E+6	3.929808E-8	1.984400E+0
2.100193E-1	2.408274E-7	8.720739E+5	5.057840E-8	2.080100E+0
2.200054E-1	2.942638E-7	7.476468E+5	6.473963E-8	2.184600E+0
2.300230E-1	3.594841E-7	6.398697E+5	8.268961E-8	2.281300E+0
2.400121E-1	4.387213E-7	5.470719E+5	1.052984E-7	2.377900E+0
2.500301E-1	5.354269E-7	4.669734E+5	1.338728E-7	2.482400E+0
2.600200E-1	6.530034E-7	3.981909E+5	1.697939E-7	2.578100E+0
2.700399E-1	7.966679E-7	3.389617E+5	2.151321E-7	2.675800E+0
2.800295E-1	9.712678E-7	2.883134E+5	2.719836E-7	2.779300E+0
2.900326E-1	1.185039E-6	2.447452E+5	3.436999E-7	3.063500E+0
3.000127E-1	1.444773E-6	2.076539E+5	4.334502E-7	3.167000E+0
3.100340E-1	1.763490E-6	1.758071E+5	5.467419E-7	3.264700E+0
3.200178E-1	2.151454E-6	1.487449E+5	6.885036E-7	3.360400E+0
3.300348E-1	2.627740E-6	1.255964E+5	8.672456E-7	3.463900E+0
3.400173E-1	3.208629E-6	1.059697E+5	1.090989E-6	3.561500E+0
3.500361E-1	3.922826E-6	8.923060E+4	1.373131E-6	3.658200E+0
3.600222E-1	4.795915E-6	7.506851E+4	1.726636E-6	3.761700E+0
3.700402E-1	5.871049E-6	6.302795E+4	2.172524E-6	3.859400E+0
3.800271E-1	7.188340E-6	5.286716E+4	2.731764E-6	3.955100E+0
3.900135E-1	8.808294E-6	4.427798E+4	3.435354E-6	4.060600E+0
4.000189E-1	1.079971E-5	3.703978E+4	4.320088E-6	4.339900E+0
4.100057E-1	1.325813E-5	3.092485E+4	5.435909E-6	4.444300E+0
4.200264E-1	1.630277E-5	2.576411E+4	6.847594E-6	4.541000E+0
4.300117E-1	2.005150E-5	2.144536E+4	8.622380E-6	4.637700E+0
4.400266E-1	2.470211E-5	1.781332E+4	1.086959E-5	4.742200E+0
4.500147E-1	3.044417E-5	1.478164E+4	1.370032E-5	4.838900E+0
4.600355E-1	3.758153E-5	1.224100E+4	1.728884E-5	4.936500E+0
4.700126E-1	4.638856E-5	1.013208E+4	2.180321E-5	5.041000E+0
4.800342E-1	5.735873E-5	8.368982E+3	2.753415E-5	5.136700E+0
4.900217E-1	7.091515E-5	6.909972E+3	3.474996E-5	5.234400E+0
5.000408E-1	8.778908E-5	5.695934E+3	4.389812E-5	5.339900E+0
5.100125E-1	1.085854E-4	4.696879E+3	5.537991E-5	5.618200E+0
5.200301E-1	1.345233E-4	3.865725E+3	6.995617E-5	5.722700E+0
5.300176E-1	1.665930E-4	3.181512E+3	8.829722E-5	5.818400E+0
5.400348E-1	2.064850E-4	2.615371E+3	1.115091E-4	5.916000E+0
5.500221E-1	2.557973E-4	2.150226E+3	1.406942E-4	6.020500E+0
5.600449E-1	3.171424E-4	1.765910E+3	1.776140E-4	6.116200E+0
5.700273E-1	3.928524E-4	1.450996E+3	2.239366E-4	6.211900E+0
5.800467E-1	4.869720E-4	1.191129E+3	2.824665E-4	6.317400E+0
5.900360E-1	6.029821E-4	9.785299E+2	3.557811E-4	6.413100E+0
6.000569E-1	7.467882E-4	8.035168E+2	4.481154E-4	6.510800E+0
6.100379E-1	9.233395E-4	6.606865E+2	5.632721E-4	6.614300E+0
6.200429E-1	1.141247E-3	5.433030E+2	7.076221E-4	6.890600E+0
6.300317E-1	1.407287E-3	4.476924E+2	8.866354E-4	6.995100E+0
6.400467E-1	1.733003E-3	3.693281E+2	1.109203E-3	7.090800E+0
6.500331E-1	2.127649E-3	3.055171E+2	1.383042E-3	7.186500E+0
6.600519E-1	2.606376E-3	2.532451E+2	1.720343E-3	7.292000E+0
6.700394E-1	3.180107E-3	2.106971E+2	2.130797E-3	7.388700E+0
6.800613E-1	3.867914E-3	1.758212E+2	2.630419E-3	7.485400E+0
6.900474E-1	4.682034E-3	1.473820E+2	3.230825E-3	7.589900E+0
7.000700E-1	5.645328E-3	1.240087E+2	3.952125E-3	7.687500E+0
7.100532E-1	6.769892E-3	1.048840E+2	4.806983E-3	7.784200E+0
7.200723E-1	8.083585E-3	8.907834E+1	5.820766E-3	7.888700E+0
7.300636E-1	9.597559E-3	7.606763E+1	7.006828E-3	7.984400E+0
7.400599E-1	1.136453E-2	6.512015E+1	8.410433E-3	8.260800E+0
7.500477E-1	1.334543E-2	5.620259E+1	1.000971E-2	8.365200E+0
7.600308E-1	1.559433E-2	4.873764E+1	1.185217E-2	8.461900E+0
7.700502E-1	1.813751E-2	4.245622E+1	1.396679E-2	8.558600E+0
7.800352E-1	2.097990E-2	3.718012E+1	1.636506E-2	8.662100E+0
7.900534E-1	2.415073E-2	3.271344E+1	1.908037E-2	8.759800E+0
8.000384E-1	2.764592E-2	2.893875E+1	2.211780E-2	8.856500E+0
8.100573E-1	3.150628E-2	2.571098E+1	2.552189E-2	8.961000E+0
8.200449E-1	3.570315E-2	2.296842E+1	2.927819E-2	9.057600E+0
8.300635E-1	4.027251E-2	2.061117E+1	3.342874E-2	9.153300E+0
8.400483E-1	4.519952E-2	1.858534E+1	3.796978E-2	9.258800E+0
8.500695E-1	5.049329E-2	1.683530E+1	4.292281E-2	9.355500E+0
8.600572E-1	5.612874E-2	1.532294E+1	4.827393E-2	9.451200E+0
8.700761E-1	6.215235E-2	1.399909E+1	5.407727E-2	9.555700E+0
8.800567E-1	6.848168E-2	1.285098E+1	6.026776E-2	9.653300E+0
8.900787E-1	7.517622E-2	1.183990E+1	6.691275E-2	9.749000E+0
9.000664E-1	8.220549E-2	1.094898E+1	7.399040E-2	9.854500E+0
9.100813E-1	8.954162E-2	1.016378E+1	8.149015E-2	9.951200E+0
9.200708E-1	9.717584E-2	9.468102E+0	8.940865E-2	1.004690E+1
9.300696E-1	1.055833E-1	8.808870E+0	9.819982E-2	1.024220E+1
9.400554E-1	1.137198E-1	8.266418E+0	1.069029E-1	1.033790E+1
9.500776E-1	1.222610E-1	7.770897E+0	1.161574E-1	1.044240E+1
9.600623E-1	1.310031E-1	7.328546E+0	1.257711E-1	1.054010E+1
9.700841E-1	1.400498E-1	6.926708E+0	1.358601E-1	1.063670E+1
9.800640E-1	1.493559E-1	6.561937E+0	1.463783E-1	1.074020E+1
9.900824E-1	1.588919E-1	6.231170E+0	1.573161E-1	1.083690E+1
1.000071E+0	1.686204E-1	5.930902E+0	1.686324E-1	1.093260E+1
