Voltage (V)	Current (A)	Resistance (Ohm)	Power (W)	Time(s)
2.281656E-1	1.000010E-2	2.281633E+1	2.281679E-3	0.000000E+0
-5.004571E-1	-2.097245E-6	2.386260E+5	1.049581E-6	2.031300E-1
-9.997374E-1	-2.317799E-6	4.313305E+5	2.317190E-6	2.998100E-1
-1.498976E+0	-2.503728E-6	5.986976E+5	3.753028E-6	4.033200E-1
-2.001584E+0	-2.671335E-6	7.492823E+5	5.346901E-6	5.009800E-1
-2.500753E+0	-2.825236E-6	8.851484E+5	7.065217E-6	5.976600E-1
-2.999568E+0	-2.970191E-6	1.009891E+6	8.909290E-6	7.021500E-1
-3.498738E+0	-3.108964E-6	1.125371E+6	1.087745E-5	7.978500E-1
-4.001684E+0	-3.243855E-6	1.233620E+6	1.298088E-5	8.955100E-1
-4.500728E+0	-3.374111E-6	1.333900E+6	1.518596E-5	9.990200E-1
-4.999978E+0	-3.501342E-6	1.428018E+6	1.750663E-5	1.095700E+0
-5.499220E+0	-3.626317E-6	1.516475E+6	1.994191E-5	1.193360E+0
-6.001622E+0	-3.750194E-6	1.600350E+6	2.250725E-5	1.297850E+0
-6.500428E+0	-3.871679E-6	1.678969E+6	2.516757E-5	1.394530E+0
-6.999687E+0	-3.992442E-6	1.753234E+6	2.794584E-5	1.491210E+0
-7.498831E+0	-4.112185E-6	1.823564E+6	3.083658E-5	1.594730E+0
-8.001402E+0	-4.232068E-6	1.890660E+6	3.386248E-5	1.691410E+0
-8.500562E+0	-4.350723E-6	1.953827E+6	3.698359E-5	1.788090E+0
-8.999774E+0	-4.469081E-6	2.013786E+6	4.022072E-5	1.891600E+0
-9.498814E+0	-4.587338E-6	2.070659E+6	4.357427E-5	1.988280E+0
-1.000140E+1	-4.706436E-6	2.125047E+6	4.707095E-5	2.085940E+0
-1.050048E+1	-4.824857E-6	2.176330E+6	5.066331E-5	2.189450E+0
-1.099979E+1	-4.943558E-6	2.225076E+6	5.437810E-5	2.287110E+0
-1.149899E+1	-5.062616E-6	2.271353E+6	5.821497E-5	2.383790E+0
-1.200170E+1	-5.183044E-6	2.315570E+6	6.220534E-5	2.488280E+0
-1.250092E+1	-5.303212E-6	2.357236E+6	6.629503E-5	2.585940E+0
-1.300002E+1	-5.424045E-6	2.396739E+6	7.051269E-5	2.683590E+0
-1.349947E+1	-5.545640E-6	2.434249E+6	7.486320E-5	2.787110E+0
-1.400207E+1	-5.668954E-6	2.469957E+6	7.937709E-5	2.883790E+0
-1.450123E+1	-5.792453E-6	2.503470E+6	8.399769E-5	2.980470E+0
-1.500085E+1	-5.917083E-6	2.535177E+6	8.876127E-5	3.084960E+0
-1.550029E+1	-6.042923E-6	2.565032E+6	9.366706E-5	3.180670E+0
-1.600265E+1	-6.170732E-6	2.593315E+6	9.874806E-5	3.278320E+0
-1.650164E+1	-6.299005E-6	2.619722E+6	1.039439E-4	3.382810E+0
-1.700097E+1	-6.428901E-6	2.644460E+6	1.092976E-4	3.479490E+0
-1.750050E+1	-6.560544E-6	2.667538E+6	1.148128E-4	3.576170E+0
-1.800300E+1	-6.694683E-6	2.689149E+6	1.205244E-4	3.680670E+0
-1.850234E+1	-6.829851E-6	2.709040E+6	1.263682E-4	3.777340E+0
-1.900174E+1	-6.966906E-6	2.727429E+6	1.323833E-4	3.874020E+0
-1.950081E+1	-7.105996E-6	2.744275E+6	1.385727E-4	3.978520E+0
-2.000269E+1	-7.248220E-6	2.759669E+6	1.449839E-4	4.075200E+0
-2.050227E+1	-7.392164E-6	2.773514E+6	1.515561E-4	4.170900E+0
-2.100160E+1	-7.538507E-6	2.785910E+6	1.583207E-4	4.275390E+0
-2.150071E+1	-7.687609E-6	2.796801E+6	1.652891E-4	4.373050E+0
-2.200334E+1	-7.840435E-6	2.806393E+6	1.725158E-4	4.469730E+0
-2.250272E+1	-7.995384E-6	2.814464E+6	1.799179E-4	4.575200E+0
-2.300158E+1	-8.153319E-6	2.821131E+6	1.875392E-4	4.671880E+0
-2.350098E+1	-8.314874E-6	2.826378E+6	1.954077E-4	4.768560E+0
-2.400357E+1	-8.480826E-6	2.830334E+6	2.035701E-4	4.874020E+0
-2.450290E+1	-8.649599E-6	2.832837E+6	2.119403E-4	4.971680E+0
-2.500202E+1	-8.822175E-6	2.833997E+6	2.205722E-4	5.067380E+0
-2.550124E+1	-8.999186E-6	2.833727E+6	2.294904E-4	5.172850E+0
-2.600416E+1	-9.181706E-6	2.832171E+6	2.387626E-4	5.270510E+0
-2.650340E+1	-9.367434E-6	2.829313E+6	2.482689E-4	5.368170E+0
-2.700266E+1	-9.557982E-6	2.825142E+6	2.580909E-4	5.473630E+0
-2.750215E+1	-9.753751E-6	2.819649E+6	2.682491E-4	5.572270E+0
-2.800456E+1	-9.955882E-6	2.812866E+6	2.788101E-4	5.677740E+0
-2.850395E+1	-1.016234E-5	2.804861E+6	2.896668E-4	5.783200E+0
-2.900337E+1	-1.037483E-5	2.795551E+6	3.009050E-4	5.879880E+0
-2.950096E+1	-1.058794E-5	2.786279E+6	3.123544E-4	6.160160E+0
-3.000310E+1	-1.081414E-5	2.774432E+6	3.244577E-4	6.265630E+0
-3.050228E+1	-1.104540E-5	2.761537E+6	3.369099E-4	6.362310E+0
-3.100162E+1	-1.128413E-5	2.747365E+6	3.498263E-4	6.458010E+0
-3.150423E+1	-1.153167E-5	2.731975E+6	3.632964E-4	6.563480E+0
-3.200349E+1	-1.178540E-5	2.715520E+6	3.771739E-4	6.660160E+0
-3.250264E+1	-1.204697E-5	2.697993E+6	3.915583E-4	6.756840E+0
-3.300187E+1	-1.231741E-5	2.679286E+6	4.064976E-4	6.861330E+0
-3.350376E+1	-1.259804E-5	2.659442E+6	4.220817E-4	6.958990E+0
-3.400307E+1	-1.288693E-5	2.638570E+6	4.381952E-4	7.056640E+0
-3.450238E+1	-1.318497E-5	2.616796E+6	4.549128E-4	7.161130E+0
-3.500153E+1	-1.349374E-5	2.593909E+6	4.723015E-4	7.257810E+0
-3.550414E+1	-1.381586E-5	2.569810E+6	4.905202E-4	7.354490E+0
-3.600340E+1	-1.414627E-5	2.545081E+6	5.093138E-4	7.458990E+0
-3.650249E+1	-1.448834E-5	2.519439E+6	5.288605E-4	7.555670E+0
-3.700160E+1	-1.484329E-5	2.492817E+6	5.492255E-4	7.652340E+0
-3.750422E+1	-1.521301E-5	2.465273E+6	5.705521E-4	7.755860E+0
-3.800330E+1	-1.559362E-5	2.437106E+6	5.926090E-4	7.853520E+0
-3.850259E+1	-1.598846E-5	2.408149E+6	6.155971E-4	7.952150E+0
-3.900174E+1	-1.639838E-5	2.378390E+6	6.395654E-4	8.057620E+0
-3.950456E+1	-1.682706E-5	2.347680E+6	6.647456E-4	8.155270E+0
-4.000359E+1	-1.726893E-5	2.316507E+6	6.908192E-4	8.250980E+0
-4.050288E+1	-1.772798E-5	2.284687E+6	7.180342E-4	8.356450E+0
-4.100235E+1	-1.820524E-5	2.252228E+6	7.464576E-4	8.453130E+0
-4.150483E+1	-1.870334E-5	2.219113E+6	7.762789E-4	8.549810E+0
-4.200401E+1	-1.921895E-5	2.185552E+6	8.072730E-4	8.654300E+0
-4.250347E+1	-1.975507E-5	2.151522E+6	8.396590E-4	8.750980E+0
-4.300276E+1	-2.031321E-5	2.116985E+6	8.735241E-4	8.847660E+0
-4.350477E+1	-2.089695E-5	2.081872E+6	9.091170E-4	8.951170E+0
-4.400420E+1	-2.150164E-5	2.046551E+6	9.461625E-4	9.048830E+0
-4.450348E+1	-2.213181E-5	2.010838E+6	9.849426E-4	9.145510E+0
-4.500262E+1	-2.278729E-5	1.974900E+6	1.025488E-3	9.250980E+0
-4.550536E+1	-2.347642E-5	1.938343E+6	1.068303E-3	9.346680E+0
-4.600463E+1	-2.419045E-5	1.901768E+6	1.112873E-3	9.444340E+0
-4.650386E+1	-2.493615E-5	1.864917E+6	1.159627E-3	9.548830E+0
-4.700241E+1	-2.571323E-5	1.827947E+6	1.208584E-3	9.645510E+0
-4.750486E+1	-2.653001E-5	1.790608E+6	1.260304E-3	9.742190E+0
-4.800450E+1	-2.737882E-5	1.753344E+6	1.314307E-3	9.846680E+0
-4.850361E+1	-2.826677E-5	1.715923E+6	1.371040E-3	9.942380E+0
-4.900284E+1	-2.919406E-5	1.678521E+6	1.430592E-3	1.004102E+1
-4.950546E+1	-3.016957E-5	1.640907E+6	1.493558E-3	1.014453E+1
-5.000455E+1	-3.118659E-5	1.603399E+6	1.559471E-3	1.024121E+1
-5.050341E+1	-3.224486E-5	1.566247E+6	1.628475E-3	1.033887E+1
-5.100294E+1	-3.336059E-5	1.528838E+6	1.701488E-3	1.044336E+1
-5.150540E+1	-3.453590E-5	1.491358E+6	1.778785E-3	1.054004E+1
-5.200470E+1	-3.575755E-5	1.454370E+6	1.859561E-3	1.063574E+1
-5.250376E+1	-3.704122E-5	1.417441E+6	1.944803E-3	1.074121E+1
-5.300309E+1	-3.838915E-5	1.380679E+6	2.034744E-3	1.083887E+1
-5.350574E+1	-3.981427E-5	1.343883E+6	2.130292E-3	1.093555E+1
-5.400510E+1	-4.130156E-5	1.307580E+6	2.230495E-3	1.104004E+1
-5.450449E+1	-4.286648E-5	1.271494E+6	2.336416E-3	1.113770E+1
-5.500376E+1	-4.451073E-5	1.235742E+6	2.448258E-3	1.123535E+1
-5.550631E+1	-4.625545E-5	1.199995E+6	2.567469E-3	1.133985E+1
-5.600542E+1	-4.807922E-5	1.164857E+6	2.692697E-3	1.143652E+1
-5.650520E+1	-5.000524E-5	1.129986E+6	2.825556E-3	1.153418E+1
-5.700391E+1	-5.203594E-5	1.095472E+6	2.966252E-3	1.163867E+1
-5.750653E+1	-5.419481E-5	1.061108E+6	3.116555E-3	1.173535E+1
-5.800593E+1	-5.645968E-5	1.027387E+6	3.274996E-3	1.183203E+1
-5.850501E+1	-5.885843E-5	9.939954E+5	3.443513E-3	1.193555E+1
-5.900451E+1	-6.139637E-5	9.610423E+5	3.622663E-3	1.203418E+1
-5.950719E+1	-6.410479E-5	9.282799E+5	3.814696E-3	1.213086E+1
-6.000646E+1	-6.695328E-5	8.962438E+5	4.017629E-3	1.223535E+1
