Voltage (V)	Current (A)	Resistance (Ohm)	Power (W)	Time(s)
5.109200E-3	-4.579568E-10	-1.115651E+7	-2.339793E-12	0.000000E+0
1.006241E-2	-4.906511E-10	-2.050828E+7	-4.937133E-12	1.000000E-1
1.999839E-2	-5.178540E-10	-3.861782E+7	-1.035625E-11	1.900000E-1
2.991579E-2	-5.609395E-10	-5.333158E+7	-1.678095E-11	2.900000E-1
4.017692E-2	-5.536318E-10	-7.256975E+7	-2.224322E-11	3.900000E-1
5.007657E-2	-5.512241E-10	-9.084612E+7	-2.760341E-11	5.000000E-1
6.000409E-2	-5.117713E-10	-1.172479E+8	-3.070837E-11	5.900000E-1
6.992664E-2	-5.422270E-10	-1.289619E+8	-3.791611E-11	6.900000E-1
8.018018E-2	-5.057733E-10	-1.585299E+8	-4.055299E-11	7.900000E-1
9.008400E-2	-5.537585E-10	-1.626774E+8	-4.988478E-11	8.900000E-1
1.000200E-1	-5.179385E-10	-1.931117E+8	-5.180421E-11	9.900000E-1
1.099341E-1	-5.650369E-10	-1.945609E+8	-6.211682E-11	1.090000E+0
1.201791E-1	-5.426070E-10	-2.214846E+8	-6.521002E-11	1.180000E+0
1.300939E-1	-5.522378E-10	-2.355759E+8	-7.184277E-11	1.280000E+0
1.400207E-1	-4.922140E-10	-2.844712E+8	-6.892015E-11	1.390000E+0
1.499398E-1	-5.079275E-10	-2.951992E+8	-7.615855E-11	1.480000E+0
1.601900E-1	-4.556337E-10	-3.515763E+8	-7.298796E-11	1.580000E+0
1.700938E-1	-4.332883E-10	-3.925650E+8	-7.369965E-11	1.680000E+0
1.799968E-1	-5.037457E-10	-3.573168E+8	-9.067261E-11	1.780000E+0
1.899581E-1	-5.523224E-10	-3.439261E+8	-1.049181E-10	1.880000E+0
2.001777E-1	-5.364398E-10	-3.731597E+8	-1.073833E-10	1.980000E+0
2.101131E-1	-4.484950E-10	-4.684848E+8	-9.423467E-11	2.070000E+0
2.200169E-1	-4.340909E-10	-5.068452E+8	-9.550733E-11	2.180000E+0
2.299462E-1	-4.052405E-10	-5.674314E+8	-9.318351E-11	2.280000E+0
2.401963E-1	-5.442544E-10	-4.413309E+8	-1.307279E-10	2.370000E+0
2.501111E-1	-5.087723E-10	-4.915973E+8	-1.272496E-10	2.470000E+0
2.600050E-1	-5.358486E-10	-4.852210E+8	-1.393233E-10	2.570000E+0
2.699122E-1	-5.737807E-10	-4.704100E+8	-1.548704E-10	2.670000E+0
2.801505E-1	-7.034593E-10	-3.982469E+8	-1.970745E-10	2.780000E+0
2.900796E-1	-4.931855E-10	-5.881754E+8	-1.430631E-10	2.870000E+0
2.999880E-1	-5.372003E-10	-5.584286E+8	-1.611536E-10	2.960000E+0
3.099238E-1	-5.036189E-10	-6.153935E+8	-1.560835E-10	3.070000E+0
3.201623E-1	-5.707816E-10	-5.609191E+8	-1.827427E-10	3.170000E+0
3.300906E-1	-4.719808E-10	-6.993729E+8	-1.557964E-10	3.260000E+0
3.399901E-1	-4.558871E-10	-7.457770E+8	-1.549971E-10	3.370000E+0
3.498966E-1	-4.491708E-10	-7.789834E+8	-1.571633E-10	3.460000E+0
3.601788E-1	-3.843737E-10	-9.370537E+8	-1.384433E-10	3.570000E+0
3.700801E-1	-4.340064E-10	-8.527065E+8	-1.606171E-10	3.670000E+0
3.800061E-1	-5.132076E-10	-7.404530E+8	-1.950220E-10	3.760000E+0
3.899279E-1	-5.307798E-10	-7.346321E+8	-2.069659E-10	3.860000E+0
4.001821E-1	-5.788073E-10	-6.913909E+8	-2.316283E-10	3.960000E+0
4.100893E-1	-5.337787E-10	-7.682759E+8	-2.188969E-10	4.070000E+0
4.200051E-1	-5.299349E-10	-7.925598E+8	-2.225754E-10	4.160000E+0
4.299106E-1	-5.572223E-10	-7.715244E+8	-2.395558E-10	4.260000E+0
4.401735E-1	-5.846365E-10	-7.529012E+8	-2.573415E-10	4.360000E+0
4.500857E-1	-6.210901E-10	-7.246705E+8	-2.795438E-10	4.460000E+0
4.600065E-1	-5.905501E-10	-7.789458E+8	-2.716569E-10	4.560000E+0
4.699265E-1	-5.657971E-10	-8.305566E+8	-2.658831E-10	4.660000E+0
4.801919E-1	-4.987191E-10	-9.628504E+8	-2.394809E-10	4.750000E+0
4.901000E-1	-4.834280E-10	-1.013801E+9	-2.369281E-10	4.860000E+0
5.000217E-1	-4.976208E-10	-1.004825E+9	-2.488212E-10	4.960000E+0
5.099152E-1	-5.525336E-10	-9.228673E+8	-2.817453E-10	5.050000E+0
5.202020E-1	-5.386365E-10	-9.657756E+8	-2.801998E-10	5.160000E+0
5.301082E-1	-5.591653E-10	-9.480349E+8	-2.964181E-10	5.250000E+0
5.400130E-1	-4.842727E-10	-1.115101E+9	-2.615136E-10	5.350000E+0
5.499346E-1	-5.317090E-10	-1.034277E+9	-2.924052E-10	5.460000E+0
5.601676E-1	-4.703755E-10	-1.190895E+9	-2.634891E-10	5.550000E+0
5.701064E-1	-5.397347E-10	-1.056272E+9	-3.077062E-10	5.650000E+0
5.800153E-1	-4.910312E-10	-1.181219E+9	-2.848056E-10	5.750000E+0
5.899287E-1	-5.470424E-10	-1.078397E+9	-3.227160E-10	5.850000E+0
6.001609E-1	-5.058999E-10	-1.186323E+9	-3.036213E-10	5.950000E+0
6.100288E-1	-5.384254E-10	-1.132987E+9	-3.284550E-10	6.050000E+0
6.199439E-1	-4.883702E-10	-1.269414E+9	-3.027621E-10	6.140000E+0
6.298711E-1	-5.077586E-10	-1.240493E+9	-3.198225E-10	6.250000E+0
6.401068E-1	-4.945795E-10	-1.294245E+9	-3.165837E-10	6.350000E+0
6.500360E-1	-5.274427E-10	-1.232430E+9	-3.428567E-10	6.440000E+0
6.599545E-1	-5.082233E-10	-1.298552E+9	-3.354043E-10	6.540000E+0
6.698723E-1	-5.381717E-10	-1.244719E+9	-3.605063E-10	6.640000E+0
6.801150E-1	-5.118981E-10	-1.328614E+9	-3.481496E-10	6.740000E+0
6.900621E-1	-5.017182E-10	-1.375398E+9	-3.462167E-10	6.840000E+0
6.999828E-1	-4.902709E-10	-1.427747E+9	-3.431812E-10	6.940000E+0
7.098842E-1	-5.127430E-10	-1.384483E+9	-3.639882E-10	7.040000E+0
7.201290E-1	-5.681203E-10	-1.267564E+9	-4.091199E-10	7.140000E+0
7.300339E-1	-5.442122E-10	-1.341451E+9	-3.972934E-10	7.240000E+0
7.399825E-1	-5.503793E-10	-1.344496E+9	-4.072711E-10	7.340000E+0
7.498832E-1	-4.748531E-10	-1.579190E+9	-3.560844E-10	7.430000E+0
7.601278E-1	-5.176850E-10	-1.468321E+9	-3.935068E-10	7.530000E+0
7.700357E-1	-4.780634E-10	-1.610740E+9	-3.681259E-10	7.640000E+0
7.799802E-1	-5.246971E-10	-1.486534E+9	-4.092533E-10	7.730000E+0
7.898846E-1	-4.992682E-10	-1.582085E+9	-3.943643E-10	7.830000E+0
8.001366E-1	-5.338633E-10	-1.498767E+9	-4.271636E-10	7.930000E+0
8.100396E-1	-4.859623E-10	-1.666877E+9	-3.936487E-10	8.030000E+0
8.199846E-1	-5.116870E-10	-1.602512E+9	-4.195755E-10	8.140000E+0
8.298922E-1	-4.481570E-10	-1.851789E+9	-3.719220E-10	8.230000E+0
8.401326E-1	-4.805133E-10	-1.748407E+9	-4.036949E-10	8.320000E+0
8.500347E-1	-4.523388E-10	-1.879199E+9	-3.845037E-10	8.430000E+0
8.599766E-1	-4.932277E-10	-1.743569E+9	-4.241643E-10	8.530000E+0
8.698952E-1	-4.797530E-10	-1.813215E+9	-4.173348E-10	8.630000E+0
8.801519E-1	-5.201350E-10	-1.692160E+9	-4.577978E-10	8.730000E+0
8.900573E-1	-4.670385E-10	-1.905747E+9	-4.156910E-10	8.820000E+0
8.999682E-1	-4.563517E-10	-1.972093E+9	-4.107020E-10	8.930000E+0
9.099004E-1	-4.679256E-10	-1.944541E+9	-4.257657E-10	9.030000E+0
9.201438E-1	-5.266824E-10	-1.747056E+9	-4.846235E-10	9.120000E+0
9.300585E-1	-5.133766E-10	-1.811650E+9	-4.774703E-10	9.220000E+0
9.399657E-1	-5.343279E-10	-1.759155E+9	-5.022499E-10	9.320000E+0
9.498665E-1	-4.865960E-10	-1.952064E+9	-4.622012E-10	9.430000E+0
9.600948E-1	-4.931855E-10	-1.946721E+9	-4.735048E-10	9.520000E+0
9.700337E-1	-5.060267E-10	-1.916961E+9	-4.908630E-10	9.620000E+0
9.799395E-1	-5.185299E-10	-1.889842E+9	-5.081279E-10	9.720000E+0
9.898787E-1	-5.304840E-10	-1.865992E+9	-5.251148E-10	9.820000E+0
1.000110E+0	-5.572646E-10	-1.794677E+9	-5.573259E-10	9.930000E+0
1.010038E+0	-5.161222E-10	-1.956975E+9	-5.213030E-10	1.002000E+1
1.019940E+0	-4.561405E-10	-2.236022E+9	-4.652359E-10	1.011000E+1
1.029889E+0	-4.901020E-10	-2.101377E+9	-5.047507E-10	1.022000E+1
1.040137E+0	-4.796686E-10	-2.168449E+9	-4.989211E-10	1.032000E+1
1.050047E+0	-5.386366E-10	-1.949453E+9	-5.655937E-10	1.041000E+1
1.059961E+0	-4.957200E-10	-2.138225E+9	-5.254439E-10	1.052000E+1
1.069890E+0	-5.329762E-10	-2.007388E+9	-5.702259E-10	1.061000E+1
1.080133E+0	-4.797108E-10	-2.251634E+9	-5.181515E-10	1.071000E+1
1.090038E+0	-5.411709E-10	-2.014221E+9	-5.898968E-10	1.082000E+1
1.099950E+0	-4.338375E-10	-2.535396E+9	-4.771996E-10	1.091000E+1
1.109859E+0	-4.783169E-10	-2.320342E+9	-5.308643E-10	1.100000E+1
1.120129E+0	-4.546621E-10	-2.463652E+9	-5.092802E-10	1.111000E+1
1.130038E+0	-5.090680E-10	-2.219817E+9	-5.752662E-10	1.121000E+1
1.139948E+0	-4.789926E-10	-2.379886E+9	-5.460267E-10	1.131000E+1
1.149868E+0	-5.091947E-10	-2.258209E+9	-5.855067E-10	1.141000E+1
1.160139E+0	-4.924675E-10	-2.355768E+9	-5.713308E-10	1.150000E+1
1.170046E+0	-4.047337E-10	-2.890903E+9	-4.735570E-10	1.161000E+1
1.179967E+0	-4.244601E-10	-2.779924E+9	-5.008489E-10	1.171000E+1
1.189873E+0	-4.517897E-10	-2.633688E+9	-5.375724E-10	1.180000E+1
1.200151E+0	-5.271892E-10	-2.276509E+9	-6.327066E-10	1.190000E+1
1.210064E+0	-4.664472E-10	-2.594214E+9	-5.644310E-10	1.200000E+1
1.219976E+0	-5.046328E-10	-2.417552E+9	-6.156399E-10	1.210000E+1
1.229896E+0	-4.781479E-10	-2.572208E+9	-5.880722E-10	1.220000E+1
1.240155E+0	-5.022250E-10	-2.469322E+9	-6.228368E-10	1.230000E+1
1.250068E+0	-3.820504E-10	-3.271998E+9	-4.775890E-10	1.240000E+1
1.259982E+0	-4.060431E-10	-3.103075E+9	-5.116070E-10	1.250000E+1
1.269884E+0	-4.026216E-10	-3.154038E+9	-5.112827E-10	1.260000E+1
1.279800E+0	-4.457493E-10	-2.871121E+9	-5.704700E-10	1.270000E+1
1.290059E+0	-4.633214E-10	-2.784372E+9	-5.977119E-10	1.279000E+1
1.299967E+0	-4.846107E-10	-2.682498E+9	-6.299779E-10	1.289000E+1
1.309901E+0	-4.512405E-10	-2.902889E+9	-5.910804E-10	1.300000E+1
1.319808E+0	-4.193912E-10	-3.146962E+9	-5.535159E-10	1.309000E+1
1.330075E+0	-4.405115E-10	-3.019388E+9	-5.859133E-10	1.319000E+1
1.339986E+0	-4.149981E-10	-3.228897E+9	-5.560916E-10	1.329000E+1
1.349920E+0	-4.665317E-10	-2.893523E+9	-6.297805E-10	1.339000E+1
1.359815E+0	-4.068457E-10	-3.342336E+9	-5.532349E-10	1.349000E+1
1.370092E+0	-4.518320E-10	-3.032304E+9	-6.190514E-10	1.359000E+1
1.380007E+0	-4.057474E-10	-3.401148E+9	-5.599343E-10	1.368000E+1
1.389941E+0	-4.601111E-10	-3.020881E+9	-6.395273E-10	1.379000E+1
1.399853E+0	-3.806565E-10	-3.677470E+9	-5.328631E-10	1.389000E+1
1.410113E+0	-3.886822E-10	-3.627933E+9	-5.480858E-10	1.398000E+1
1.420025E+0	-3.434018E-10	-4.135171E+9	-4.876391E-10	1.409000E+1
1.429944E+0	-3.654076E-10	-3.913285E+9	-5.225124E-10	1.418000E+1
1.439854E+0	-4.354004E-10	-3.306965E+9	-6.269130E-10	1.428000E+1
1.450088E+0	-4.014811E-10	-3.611846E+9	-5.821829E-10	1.439000E+1
1.460027E+0	-3.707299E-10	-3.938250E+9	-5.412757E-10	1.448000E+1
1.469948E+0	-3.352502E-10	-4.384630E+9	-4.928004E-10	1.457000E+1
1.479877E+0	-3.427683E-10	-4.317427E+9	-5.072549E-10	1.468000E+1
1.490116E+0	-3.088100E-10	-4.825349E+9	-4.601627E-10	1.478000E+1
1.500054E+0	-3.427683E-10	-4.376292E+9	-5.141710E-10	1.487000E+1
1.509965E+0	-2.794134E-10	-5.404054E+9	-4.219045E-10	1.498000E+1
1.519868E+0	-3.094014E-10	-4.912285E+9	-4.702493E-10	1.507000E+1
1.530121E+0	-2.811873E-10	-5.441643E+9	-4.302506E-10	1.517000E+1
1.540059E+0	-2.106945E-10	-7.309441E+9	-3.244820E-10	1.528000E+1
1.549977E+0	-2.197752E-10	-7.052556E+9	-3.406465E-10	1.537000E+1
1.559901E+0	-2.393308E-10	-6.517761E+9	-3.733324E-10	1.546000E+1
1.570140E+0	-2.109478E-10	-7.443263E+9	-3.312176E-10	1.557000E+1
1.580069E+0	-2.047812E-10	-7.715889E+9	-3.235684E-10	1.567000E+1
1.589987E+0	-4.105206E-10	-3.873099E+9	-6.527224E-10	1.577000E+1
1.599911E+0	-1.836629E-10	-8.711128E+9	-2.938443E-10	1.587000E+1
1.610143E+0	-9.889392E-11	-1.628152E+10	-1.592334E-10	1.596000E+1
1.620029E+0	3.976874E-11	4.073624E+10	6.442651E-11	1.607000E+1
1.629945E+0	1.097127E-10	1.485648E+10	1.788257E-10	1.617000E+1
1.639857E+0	9.324044E-11	1.758740E+10	1.529010E-10	1.627000E+1
1.650120E+0	1.371665E-10	1.203005E+10	2.263412E-10	1.636000E+1
1.660027E+0	1.969736E-10	8.427662E+9	3.269815E-10	1.646000E+1
1.669968E+0	2.972436E-10	5.618180E+9	4.963873E-10	1.657000E+1
1.679885E+0	4.561803E-10	3.682502E+9	7.663304E-10	1.666000E+1
1.690136E+0	5.520993E-10	3.061290E+9	9.331229E-10	1.676000E+1
1.700027E+0	5.967007E-10	2.849045E+9	1.014407E-9	1.686000E+1
1.709989E+0	4.598543E-10	3.718545E+9	7.863458E-10	1.696000E+1
1.719909E+0	6.723893E-10	2.557907E+9	1.156448E-9	1.706000E+1
1.730156E+0	9.414366E-10	1.837783E+9	1.628832E-9	1.716000E+1
1.740062E+0	1.043100E-9	1.668164E+9	1.815059E-9	1.725000E+1
1.749998E+0	1.096951E-9	1.595329E+9	1.919662E-9	1.736000E+1
1.759900E+0	1.257576E-9	1.399438E+9	2.213208E-9	1.746000E+1
1.770166E+0	1.392439E-9	1.271270E+9	2.464848E-9	1.755000E+1
1.780063E+0	1.654855E-9	1.075661E+9	2.945746E-9	1.766000E+1
1.790002E+0	1.855226E-9	9.648431E+8	3.320858E-9	1.775000E+1
1.799916E+0	2.226569E-9	8.083810E+8	4.007637E-9	1.785000E+1
1.810166E+0	2.425926E-9	7.461753E+8	4.391329E-9	1.796000E+1
1.820082E+0	2.699367E-9	6.742625E+8	4.913069E-9	1.805000E+1
1.829987E+0	3.169925E-9	5.772966E+8	5.800922E-9	1.814000E+1
1.839913E+0	3.668737E-9	5.015113E+8	6.750157E-9	1.825000E+1
1.850170E+0	4.187704E-9	4.418101E+8	7.747964E-9	1.835000E+1
1.860087E+0	4.753121E-9	3.913401E+8	8.841219E-9	1.844000E+1
1.869994E+0	5.106264E-9	3.662157E+8	9.548683E-9	1.855000E+1
1.879949E+0	5.489051E-9	3.424907E+8	1.031914E-8	1.864000E+1
1.890188E+0	6.116646E-9	3.090236E+8	1.156161E-8	1.874000E+1
1.900106E+0	6.766331E-9	2.808178E+8	1.285675E-8	1.885000E+1
1.910022E+0	7.391184E-9	2.584189E+8	1.411732E-8	1.894000E+1
1.919955E+0	7.872137E-9	2.438925E+8	1.511415E-8	1.904000E+1
1.930200E+0	9.231473E-9	2.090891E+8	1.781859E-8	1.914000E+1
1.940122E+0	9.944599E-9	1.950930E+8	1.929374E-8	1.924000E+1
1.950029E+0	1.110766E-8	1.755571E+8	2.166026E-8	1.934000E+1
1.959890E+0	1.224814E-8	1.600153E+8	2.400501E-8	1.944000E+1
1.970132E+0	1.367590E-8	1.440587E+8	2.694333E-8	1.953000E+1
1.980057E+0	1.485304E-8	1.333099E+8	2.940987E-8	1.964000E+1
1.989973E+0	1.666635E-8	1.194006E+8	3.316559E-8	1.974000E+1
1.999865E+0	1.825165E-8	1.095717E+8	3.650084E-8	1.983000E+1
2.010142E+0	2.028378E-8	9.910096E+7	4.077328E-8	1.993000E+1
2.020058E+0	2.243570E-8	9.003766E+7	4.532142E-8	2.003000E+1
2.029978E+0	2.496082E-8	8.132658E+7	5.066992E-8	2.014000E+1
2.039884E+0	2.756570E-8	7.400081E+7	5.623083E-8	2.023000E+1
2.050171E+0	3.072257E-8	6.673175E+7	6.298652E-8	2.033000E+1
2.060086E+0	3.412932E-8	6.036118E+7	7.030933E-8	2.043000E+1
2.070009E+0	3.793273E-8	5.457053E+7	7.852109E-8	2.053000E+1
2.079919E+0	4.225565E-8	4.922227E+7	8.788833E-8	2.063000E+1
2.090182E+0	4.709249E-8	4.438461E+7	9.843187E-8	2.073000E+1
2.100100E+0	5.287971E-8	3.971467E+7	1.110527E-7	2.082000E+1
2.110026E+0	5.907976E-8	3.571487E+7	1.246598E-7	2.093000E+1
2.119930E+0	6.641299E-8	3.192041E+7	1.407909E-7	2.103000E+1
2.130184E+0	7.515875E-8	2.834246E+7	1.601020E-7	2.112000E+1
2.140108E+0	8.521233E-8	2.511500E+7	1.823636E-7	2.122000E+1
2.150034E+0	9.629261E-8	2.232813E+7	2.070324E-7	2.132000E+1
2.159955E+0	1.097686E-7	1.967735E+7	2.370952E-7	2.142000E+1
2.170203E+0	1.260184E-7	1.722132E+7	2.734855E-7	2.153000E+1
2.180129E+0	1.448949E-7	1.504628E+7	3.158896E-7	2.162000E+1
2.190043E+0	1.669605E-7	1.311713E+7	3.656507E-7	2.171000E+1
2.199967E+0	1.935807E-7	1.136460E+7	4.258712E-7	2.182000E+1
2.210203E+0	2.270570E-7	9.734133E+6	5.018421E-7	2.192000E+1
2.220163E+0	2.668465E-7	8.320000E+6	5.924427E-7	2.201000E+1
2.230085E+0	3.159905E-7	7.057443E+6	7.046857E-7	2.212000E+1
2.240019E+0	3.773983E-7	5.935424E+6	8.453794E-7	2.221000E+1
2.250266E+0	4.583232E-7	4.909780E+6	1.031349E-6	2.232000E+1
2.260232E+0	5.580607E-7	4.050154E+6	1.261347E-6	2.242000E+1
2.270157E+0	6.858533E-7	3.309975E+6	1.556995E-6	2.251000E+1
2.280113E+0	8.528945E-7	2.673382E+6	1.944696E-6	2.261000E+1
2.290214E+0	1.078602E-6	2.123317E+6	2.470229E-6	2.290000E+1
2.300113E+0	1.369680E-6	1.679307E+6	3.150419E-6	2.300000E+1
2.310023E+0	1.758830E-6	1.313386E+6	4.062938E-6	2.311000E+1
2.319977E+0	2.280744E-6	1.017202E+6	5.291274E-6	2.320000E+1
2.330218E+0	3.006491E-6	7.750624E+5	7.005779E-6	2.330000E+1
2.340168E+0	3.957508E-6	5.913236E+5	9.261234E-6	2.339000E+1
2.350109E+0	5.230449E-6	4.493131E+5	1.229213E-5	2.350000E+1
2.360044E+0	6.933529E-6	3.403814E+5	1.636343E-5	2.360000E+1
2.370344E+0	9.292348E-6	2.550856E+5	2.202606E-5	2.370000E+1
2.380117E+0	1.229415E-5	1.935975E+5	2.926152E-5	2.397000E+1
2.390065E+0	1.631789E-5	1.464690E+5	3.900082E-5	2.408000E+1
2.399991E+0	2.159302E-5	1.111466E+5	5.182305E-5	2.418000E+1
2.410254E+0	2.879584E-5	8.370147E+4	6.940529E-5	2.428000E+1
2.420180E+0	3.793574E-5	6.379683E+4	9.181132E-5	2.438000E+1
2.430139E+0	4.986799E-5	4.873144E+4	1.211861E-4	2.447000E+1
2.440078E+0	6.527979E-5	3.737877E+4	1.592878E-4	2.457000E+1
2.450373E+0	8.587588E-5	2.853389E+4	2.104279E-4	2.468000E+1
2.460125E+0	1.110395E-4	2.215540E+4	2.731710E-4	2.496000E+1
2.470082E+0	1.429734E-4	1.727651E+4	3.531560E-4	2.506000E+1
2.479995E+0	1.826186E-4	1.358019E+4	4.528932E-4	2.515000E+1
2.490259E+0	2.329279E-4	1.069112E+4	5.800508E-4	2.525000E+1
2.500181E+0	2.915553E-4	8.575323E+3	7.289410E-4	2.536000E+1
2.510130E+0	3.612714E-4	6.948045E+3	9.068382E-4	2.545000E+1
2.520060E+0	4.423372E-4	5.697147E+3	1.114716E-3	2.555000E+1
2.530320E+0	5.387014E-4	4.697073E+3	1.363087E-3	2.565000E+1
2.540258E+0	6.442947E-4	3.942696E+3	1.636675E-3	2.575000E+1
2.550174E+0	7.621487E-4	3.346032E+3	1.943612E-3	2.585000E+1
2.560140E+0	8.928511E-4	2.867376E+3	2.285824E-3	2.595000E+1
2.570416E+0	1.040019E-3	2.471509E+3	2.673281E-3	2.605000E+1
2.580175E+0	1.194570E-3	2.159919E+3	3.082200E-3	2.632000E+1
2.590077E+0	1.359908E-3	1.904597E+3	3.522266E-3	2.643000E+1
2.600022E+0	1.537657E-3	1.690899E+3	3.997942E-3	2.653000E+1
2.610260E+0	1.732513E-3	1.506632E+3	4.522309E-3	2.662000E+1
2.620192E+0	1.932715E-3	1.355705E+3	5.064084E-3	2.672000E+1
2.630097E+0	2.143225E-3	1.227168E+3	5.636890E-3	2.682000E+1
2.640041E+0	2.364918E-3	1.116335E+3	6.243480E-3	2.692000E+1
2.650293E+0	2.604484E-3	1.017589E+3	6.902646E-3	2.702000E+1
2.660212E+0	2.847063E-3	9.343706E+2	7.573791E-3	2.712000E+1
2.670131E+0	3.099593E-3	8.614457E+2	8.276319E-3	2.721000E+1
2.680072E+0	3.363212E-3	7.968787E+2	9.013650E-3	2.732000E+1
2.690312E+0	3.645189E-3	7.380446E+2	9.806696E-3	2.742000E+1
2.700246E+0	3.929078E-3	6.872467E+2	1.060948E-2	2.751000E+1
2.710160E+0	4.222933E-3	6.417720E+2	1.144482E-2	2.762000E+1
2.720096E+0	4.527575E-3	6.007843E+2	1.231544E-2	2.771000E+1
2.730357E+0	4.852787E-3	5.626369E+2	1.324984E-2	2.781000E+1
2.740273E+0	5.178205E-3	5.291936E+2	1.418970E-2	2.792000E+1
2.750196E+0	5.514101E-3	4.987569E+2	1.516486E-2	2.801000E+1
2.760113E+0	5.860481E-3	4.709704E+2	1.617559E-2	2.811000E+1
2.770388E+0	6.230566E-3	4.446447E+2	1.726109E-2	2.821000E+1
2.780297E+0	6.599513E-3	4.212882E+2	1.834861E-2	2.831000E+1
2.790228E+0	6.979248E-3	3.997892E+2	1.947369E-2	2.841000E+1
2.800137E+0	7.370794E-3	3.798962E+2	2.063923E-2	2.851000E+1
2.810414E+0	7.787115E-3	3.609057E+2	2.188502E-2	2.861000E+1
2.820340E+0	8.202295E-3	3.438477E+2	2.313326E-2	2.871000E+1
2.830261E+0	8.630554E-3	3.279350E+2	2.442672E-2	2.881000E+1
2.840194E+0	9.069149E-3	3.131709E+2	2.575814E-2	2.891000E+1
2.850464E+0	9.535844E-3	2.989210E+2	2.718158E-2	2.900000E+1
2.860378E+0	1.000230E-2	2.859720E+2	2.861036E-2	2.911000E+1
2.870140E+0	1.051837E-2	2.728693E+2	3.018919E-2	2.939000E+1
2.880058E+0	1.098465E-2	2.621893E+2	3.163643E-2	2.949000E+1
2.890324E+0	1.150289E-2	2.512694E+2	3.324708E-2	2.958000E+1
2.900239E+0	1.202091E-2	2.412662E+2	3.486351E-2	2.968000E+1
2.910149E+0	1.255298E-2	2.318293E+2	3.653104E-2	2.979000E+1
2.920060E+0	1.309939E-2	2.229157E+2	3.825100E-2	2.988000E+1
2.930311E+0	1.367730E-2	2.142463E+2	4.007874E-2	2.997000E+1
2.940237E+0	1.425757E-2	2.062229E+2	4.192063E-2	3.008000E+1
2.950151E+0	1.484916E-2	1.986746E+2	4.380726E-2	3.018000E+1
2.960073E+0	1.545663E-2	1.915083E+2	4.575275E-2	3.028000E+1
2.970307E+0	1.610063E-2	1.844839E+2	4.782381E-2	3.038000E+1
2.980201E+0	1.674077E-2	1.780205E+2	4.989086E-2	3.047000E+1
2.990129E+0	1.739677E-2	1.718784E+2	5.201859E-2	3.057000E+1
3.000055E+0	1.807298E-2	1.659967E+2	5.421993E-2	3.068000E+1
3.010294E+0	1.878283E-2	1.602684E+2	5.654184E-2	3.077000E+1
3.020230E+0	1.949360E-2	1.549344E+2	5.887516E-2	3.087000E+1
3.030148E+0	2.022025E-2	1.498571E+2	6.127035E-2	3.097000E+1
3.040056E+0	2.096239E-2	1.450243E+2	6.372684E-2	3.107000E+1
3.050303E+0	2.174445E-2	1.402796E+2	6.632716E-2	3.117000E+1
3.060254E+0	2.252929E-2	1.358345E+2	6.894535E-2	3.127000E+1
3.070174E+0	2.332483E-2	1.316269E+2	7.161129E-2	3.137000E+1
3.080095E+0	2.413868E-2	1.276000E+2	7.434943E-2	3.146000E+1
3.090335E+0	2.499608E-2	1.236328E+2	7.724626E-2	3.157000E+1
3.100238E+0	2.584619E-2	1.199495E+2	8.012934E-2	3.167000E+1
3.110168E+0	2.671343E-2	1.164271E+2	8.308326E-2	3.176000E+1
3.120077E+0	2.759944E-2	1.130486E+2	8.611238E-2	3.187000E+1
3.130327E+0	2.852570E-2	1.097371E+2	8.929477E-2	3.196000E+1
3.140239E+0	2.944526E-2	1.066467E+2	9.246515E-2	3.206000E+1
3.150185E+0	3.038343E-2	1.036810E+2	9.571343E-2	3.217000E+1
3.160096E+0	3.133260E-2	1.008565E+2	9.901402E-2	3.226000E+1
3.170349E+0	3.232569E-2	9.807522E+1	1.024837E-1	3.236000E+1
3.180266E+0	3.331122E-2	9.547132E+1	1.059385E-1	3.246000E+1
3.190196E+0	3.430652E-2	9.299095E+1	1.094445E-1	3.256000E+1
3.200114E+0	3.531551E-2	9.061497E+1	1.130137E-1	3.265000E+1
3.210369E+0	3.636977E-2	8.827026E+1	1.167604E-1	3.276000E+1
3.220272E+0	3.741077E-2	8.607874E+1	1.204729E-1	3.286000E+1
3.230221E+0	3.845892E-2	8.399146E+1	1.242308E-1	3.296000E+1
3.240139E+0	3.951921E-2	8.198896E+1	1.280477E-1	3.306000E+1
3.250397E+0	4.062774E-2	8.000438E+1	1.320563E-1	3.315000E+1
3.260306E+0	4.170577E-2	7.817398E+1	1.359736E-1	3.325000E+1
3.270229E+0	4.278757E-2	7.642942E+1	1.399252E-1	3.336000E+1
3.280147E+0	4.387432E-2	7.476234E+1	1.439142E-1	3.345000E+1
3.290394E+0	4.500221E-2	7.311628E+1	1.480750E-1	3.355000E+1
3.300308E+0	4.610285E-2	7.158577E+1	1.521536E-1	3.365000E+1
3.310219E+0	4.720474E-2	7.012472E+1	1.562580E-1	3.375000E+1
3.320086E+0	4.830666E-2	6.872936E+1	1.603823E-1	3.385000E+1
3.330327E+0	4.944884E-2	6.734894E+1	1.646808E-1	3.395000E+1
3.340256E+0	5.056551E-2	6.605799E+1	1.689017E-1	3.404000E+1
3.350168E+0	5.167812E-2	6.482759E+1	1.731304E-1	3.414000E+1
3.360107E+0	5.279071E-2	6.364959E+1	1.773824E-1	3.425000E+1
3.370358E+0	5.394196E-2	6.248119E+1	1.818037E-1	3.435000E+1
3.380269E+0	5.505817E-2	6.139450E+1	1.861114E-1	3.444000E+1
3.390177E+0	5.616670E-2	6.035920E+1	1.904151E-1	3.454000E+1
3.400136E+0	5.728314E-2	5.935666E+1	1.947705E-1	3.464000E+1
3.410384E+0	5.843144E-2	5.836556E+1	1.992736E-1	3.474000E+1
3.420312E+0	5.953700E-2	5.744851E+1	2.036351E-1	3.484000E+1
3.430223E+0	6.064569E-2	5.656169E+1	2.080282E-1	3.494000E+1
3.440153E+0	6.175233E-2	5.570888E+1	2.124375E-1	3.503000E+1
3.450397E+0	6.288590E-2	5.486758E+1	2.169813E-1	3.514000E+1
3.460294E+0	6.398717E-2	5.407793E+1	2.214144E-1	3.524000E+1
3.470227E+0	6.508485E-2	5.331851E+1	2.258592E-1	3.533000E+1
3.480129E+0	6.617060E-2	5.259328E+1	2.302822E-1	3.543000E+1
3.490398E+0	6.730389E-2	5.186027E+1	2.349174E-1	3.554000E+1
3.500315E+0	6.838337E-2	5.118664E+1	2.393633E-1	3.563000E+1
